01 1 15
01 2 17
01 3 16
01 4 28
01 5 17
01 6 28
01 7 -20
02 1 12
04 1 4
04 2 3
04 3 -8
04 4 20
04 5 17
04 6 12
04 7 -16
04 8 15
04 9 1
05 1 14
05 2 8
05 3 19
05 4 15
06 1 10
06 2 -20
06 3 -3
06 4 10
06 5 -19
06 6 -18
06 7 0
06 8 10
06 9 -6
06 10 1
06 11 -17
06 12 -34
06 13 -37
06 14 -23
06 15 -16
06 16 -7
06 17 -20
06 18 -18
06 19 -19
06 20 -21
06 21 -2
06 22 10
06 23 16
06 24 -4
06 25 3
06 26 -4
06 27 -11
06 28 -20
06 29 -25
06 30 -14
06 31 -5
06 32 -12
06 33 -11
06 34 -30
06 35 -15
06 36 1
06 37 -34
06 38 -12
06 39 5
06 40 -29
06 41 -9
06 42 10
06 43 -26
06 44 -32
06 45 7
06 46 -9
06 47 -8
06 48 7
06 49 4
06 50 14
06 51 -16
06 52 -2
06 53 -10
08 1 -18
08 2 -8
08 3 5
08 4 11
08 5 13
08 6 -1
08 7 -5
09 1 -13
09 2 -5
09 3 -11
09 4 -5
09 5 -3
10 1 -8
12 1 21
12 2 6
12 3 14
12 4 19
12 5 -21
12 6 9
12 7 4
12 8 9
12 9 -8
12 10 6
12 11 11
12 12 7
12 13 1
12 14 -13
12 15 6
12 16 6
12 17 10
12 18 3
12 19 12
12 20 -29
12 21 -10
12 22 -3
12 23 -9
12 24 -34
12 25 5
12 26 1
12 27 2
13 1 9
13 2 -6
13 3 19
13 4 -21
13 5 -32
13 6 14
13 7 14
13 8 15
13 9 30
13 10 14
13 11 19
13 12 9
13 13 -16
13 14 26
15 1 -18
15 2 -21
16 1 18
16 2 17
17 1 -28
17 2 -29
17 3 -5
17 4 -29
17 5 -16
17 6 4
17 7 -36
17 8 -8
17 9 -15
17 10 -8
17 11 -8
17 12 0
17 13 0
17 14 5
17 15 14
17 16 4
17 17 -7
17 18 11
18 1 -10
18 2 6
18 3 13
18 4 11
18 5 9
18 6 12
18 7 -13
18 8 8
18 9 9
19 1 -5
19 2 -4
19 3 0
19 4 5
20 1 23
20 2 8
20 3 6
20 4 14
21 1 18
21 2 16
21 3 -4
21 4 16
21 5 25
21 6 9
22 1 26
22 2 -23
22 3 19
22 4 13
22 5 15
22 6 21
23 1 -9
23 2 -2
24 1 14
24 2 -10
24 3 -9
24 4 -26
24 5 -14
24 6 -4
24 7 -24
24 8 -11
25 1 -13
25 2 -8
25 3 -6
25 4 -6
25 5 -14
25 6 -4
25 7 -31
25 8 -6
25 9 -5
26 1 5
26 2 7
26 3 4
26 4 5
26 5 -10
26 6 1
26 7 3
26 8 2
26 9 -6
26 10 6
26 11 4
26 12 -15
26 13 -34
26 14 -29
27 1 1
27 2 2
27 3 2
27 4 -11
27 5 -22
27 6 10
27 7 6
27 8 -1
28 1 16
28 2 -13
28 3 14
28 4 21
29 1 -28
29 2 8
29 3 13
29 4 13
29 5 -9
29 6 12
29 7 19
29 8 17
30 1 7
31 1 10
31 2 4
31 3 23
32 1 -14
32 2 5
32 3 0
32 4 -4
33 1 1
33 2 -3
34 1 -13
34 2 -1
34 3 1
34 4 7
34 5 4
34 6 -8
34 7 6
34 8 -24
34 9 -14
34 10 -34
34 11 6
34 12 -14
35 1 -7
35 2 5
35 3 -8
36 1 2
36 2 1
36 3 0
36 4 -3
36 5 -35
36 6 -13
36 7 -34
36 8 -35
36 9 -32
36 10 -23
36 11 2
36 12 -27
36 13 -42
36 14 -26
36 15 -43
36 16 -21
36 17 -5
36 18 0
36 19 -1
36 20 -7
36 21 0
36 22 3
36 23 3
36 24 -5
36 25 -7
36 26 -12
36 27 8
37 1 -19
37 2 10
37 3 11
37 4 -20
37 5 11
37 6 10
37 7 12
37 8 11
37 9 8
37 10 11
37 11 13
37 12 -26
37 13 8
38 1 10
39 1 6
39 2 8
39 3 -17
39 4 9
39 5 7
39 6 8
39 7 6
39 8 15
39 9 -15
39 10 3
39 11 -30
39 12 8
39 13 -11
39 14 4
39 15 6
39 16 6
40 1 18
40 2 20
40 3 26
40 4 19
40 5 12
41 1 -7
41 2 10
41 3 -22
41 4 -2
41 5 0
42 1 -28
42 2 -38
42 3 8
42 4 9
42 5 8
42 6 2
42 7 2
42 8 1
42 9 14
42 10 12
42 11 6
42 12 9
42 13 -13
42 14 -15
42 15 2
42 16 4
42 17 -4
42 18 10
44 1 -15
44 2 -8
45 1 11
45 2 16
45 3 18
45 4 15
45 5 9
45 6 -21
45 7 7
46 1 10
47 1 25
47 2 20
47 3 16
47 4 18
47 5 -5
47 6 21
47 7 18
47 8 19
47 9 -25
48 1 24
48 2 16
48 3 17
48 4 25
48 5 17
48 6 11
48 7 13
48 8 29
48 9 -25
48 10 11
48 11 31
48 12 19
48 13 32
48 14 12
48 15 -5
48 16 -12
48 17 13
48 18 -24
48 19 26
48 20 -6
48 21 12
48 22 15
48 23 3
48 24 13
48 25 12
48 26 20
48 27 13
48 28 -7
48 29 -12
48 30 -27
48 31 12
48 32 10
48 33 -18
48 34 -8
48 35 -11
48 36 25
49 1 27
49 2 18
49 3 28
49 4 16
50 1 -16
51 1 6
51 2 2
51 3 -27
51 4 4
51 5 5
51 6 12
51 7 10
51 8 -16
51 9 15
51 10 2
51 11 -10
53 1 -4
53 2 -8
53 3 2
53 4 13
53 5 7
53 6 -5
53 7 -29
53 8 1
53 9 -17
53 10 -5
54 1 14
54 2 11
54 3 14
55 1 3
55 2 -17
55 3 -5
55 4 -23
55 5 13
55 6 5
55 7 2
55 8 2
56 1 22
